[b1fb3d93c145a236220e0d2b38930474--woman-fashion-roll-in.jpg]
filters=glow2=1,1.000000,42.332382;radblur=1,0.382263,0.393064,1.000000,-0.649123;
moddate=8910308c9074d301
width=340
height=540
textactive=0
[pea cock.jpg]
filters=finetune2=1,0.000000,0.000000,0.224561,00000000,0.000000;radblur=1,0.535593,0.270270,-0.099415,0.426901;Soften=1,69.590645,7.602339;
moddate=744fae212876d301
width=295
height=518
textactive=0
[Wild-Animal-Close-Zoo-Giraffes-Food-Animals-Head-537134.jpg]
filters=finetune2=1,0.000000,0.000000,0.204912,00000000,0.000000;radblur=1,0.454237,0.478764,-0.040936,0.146199;Soften=1,56.140350,39.766083;
moddate=69e1013b2876d301
width=295
height=518
textactive=0
[burgerville.jpg]
filters=crop64=1,1baa3a99bf2cefe2;finetune2=1,0.093567,0.058947,0.277895,00000000,0.000000;radblur=1,0.401613,0.505007,-1.000000,-0.602339;Invert=1;
crop=rect64(1baa3a99bf2cefe2)
moddate=71c4c1bd4c7bd301
width=620
height=699
textactive=0
